ZJL296	0	0	0	0	0	0	0	1	0	0	0	0	0.5	0	0.5	0	0	0	0	0	0	0	0	0	0	0.5	0.5	0	0	0	0.5	0	0	0	0	0	0	0	0	0	1	0	0	0	0	0	0	0	1	0
ZJL297	0	0	1	0	0	0	0	0	0	0	0	0	0.8	0	0	0.2	0.5	0.2	0	0	0	0	0	0	0	0.5	0	0	0	0	0.5	0	0	0	0	0	1	0	0	0	0	1	0	0	0	0	0	0	0	0
ZJL298	0	0	0	0	1	0	0	0	0	0	0.1	0.1	0.2	0.1	0.1	0.1	0.3	0.1	0	0	0	0	0	0	0	0	0	0	1	0	0	0	0	0	0	0	1	0	0	0	0	1	0	0	0	0	0	0	0	0
ZJL299	0	0	0	0	0	0	0	0	0	0.5	0	0	0.2	0	0.8	0	0	0	0	0	0	0	0	0	0	1	0	0	1	0	1	0	0	0	0	0	0	1	1	0	1	0	0	0	0	0	0	0	0	0
ZJL300	1	0	0	0	0	0	0	0	0	0	0.5	0	0	0	0.5	0	0	0	0	0	0	0	0	0	0	0	0	0	0	0	0	0	0	0	0	0	0	0	0	0	0	0	0	0	0	0	0	0	1	0
ZJL301	0	0	0	0	0	0	0	0	0.5	0	0.5	0.5	0.2	0	0.2	0	0	0	0	0	0	0	0	0	0	0	1	0	0	0	0	0	0	0	0	0	0	1	0	0	1	0	0	0	0	0	0	0	0	0
ZJL302	1	0	0	0	0	0	0	0	0	0	0	0	0	0	0.5	0	0	0	0	0	0	0	0	0	0	0	0	0	0	0	0	0	0	0	0	0	0	0	0	0	0	0	0	0	0	0	0	0	1	0
ZJL303	0	0	0	0	0	0	0	0	1	0	0.1	0.5	0.5	0.5	0.5	0.5	0.5	0.5	0	0	0	0	0	0	0	1	1	0	0	0	0	0	0	0	0	0	0	1	1	1	0	1	0	0	0	0	0	0	0	0
ZJL304	0	1	0	0	0	0	0	0	0	0	0	0	0.8	0.8	0.8	0	0	0	0	0	0	0	0	0	0	0	1	0	1	0	1	0	0	0	0	0	0	1	0	1	0	0	0	0	0	0	1	0	1	0
ZJL305	0	0	0	0	0	0	1	0	0	0	0	0.2	0.2	0	0.8	0.2	0	0	0	0	0	0	0	0	0	0	1	0	0	0	1	0	0	0	1	0	0	0	0	0	0	0	1	0	0	0	0	0	0	0
ZJL306	0	0	0	1	0	0	0	0	0	0	0	0	0	0	0.8	0.8	0	0	0	0	0	0	0	0	0	0	0	0	0	0	0	1	0	0	0	0	0	0	0	0	0	0	1	0	0	0	0	0	0	0
ZJL307	0	0	0	0	0	0	0	0	1	0	0.5	0.5	0.5	0.5	0.5	0.5	0.5	0.5	0	0	0	0	0	0	0	0.5	1	0	0	0	0	0	0	0	0	0	0	1	1	1	1	1	0	0	0	0	0	0	0	0
ZJL308	0	0	0	0	0	0	0	0	0	1	0.8	0.8	0	0	0	0	0	0	0	0	0	0	0	0	0	0	0	0	1	0	1	0	0	1	0	0	0	1	0	0	0	0	0	0	0	0	0	0.5	0	0
ZJL309	0	0	0	1	0	0	0	0	0	0	0	0	0	0.5	0.5	0	0	0	0	0	0	0	0	0	0	0	0	0	0.5	0	0.5	0	0	0	0	0	0	0	0	0	0	0	0	0	0	0	0	0	0	0
ZJL310	0	0	0	0	0	0	1	0	0	0	0	0.5	0.5	0	0.8	0	0	0	0	0	0	0	0	0	0	0.5	0	0	0.5	0	0.5	0	0	0	1	0	0	0	0	0	0	0	1	0	0	0	0	0	0	0
ZJL311	0	0	0	0	0.8	0.8	0	0	0	0	0.2	0.3	0	0	0.5	0	0	0	0	0	0	0	0	0	0	0	0	0	1	0	1	0	0	0	0	0	0.5	1	1	1	0	0	0	0	0	0	0	0	0	0
ZJL312	0	0	0	0	0	0	0	0	0	0	0.5	0	0.5	0	0.5	0	0.5	0	0	0	0	0	0	0	0	0	1	0	0	0	0	0	0	0	1	0	0	1	0	0	0	0	0	0	0	0	0	0	0	0
ZJL313	0	0	0	1	0	0	1	0	0	0	0	0.5	0	0.5	0	1	0	0.3	0	0	0	0	0	0	0	0	0	0	0.5	0	0.5	0.5	0	0	0	0	0	0	0	0	0	0	0	0	0	0	0	0	0	0
ZJL314	0	0	1	0	0	0	0	0	0	0	0.5	0	0.5	0	0	0	0	0	0	0	0	0	0	0	0	0	0.5	0	0	0	0	0	0	0	1	0	0	0	0	0	0	0	0	0	0	0	0	0	0	0
ZJL315	0	0	0	0	0	0	0	0	1	0	0.2	0.5	0.1	0.1	0.5	0.1	0.1	0.1	0	0	0	0	0	0	0	0	0	0	0	0	0	0	0	0	0	0	0	0	0	0	0	0	0	0	0	0	0	0	0	0
ZJL316	0	1	0	0	0	0	0	0	0	0	0	1	0	0	0	0	0	0	0	0	0	0	0	0	0	0.5	0.5	0	0	0	0.5	0	0	0	0	0	0	0	0	0	0.5	0.5	0	0	0	1	1	0	0	0
ZJL317	1	0	0	0	0	0	0.2	0	0	0	0.8	0	0	0	0.4	0	0	0	0	0	0	1	0	0	0	0	0	0	0	0	0	0	0	0	0	0	0	0	0	0	0	0	0	0	0	0	0	0	1	0
ZJL318	0	0	0	0	0	0	0	0	0	0	0.8	0	0.1	0	0.3	0	0	0	0	0	0	0	0	0	0	0.5	0	0	0	0	1	0	0	0	0	0	0	0	0	0	0	0	0	0	0	0	0	0	0	0
ZJL319	1	0	0	0	0	0	0	0	0	0	0.3	0	0.5	0	0.2	0	0	0	1	0	0	0	1	0	1	0	0	0	0	0	0	0.5	0	0	0	0	0	0	0	0	0	0	0	0	1	1	0	0	1	0
ZJL320	0	0	0	0	0	0	0	1	0	0	0.5	0	0	0	0.8	0	0	0	0	0	0	0	0	0	0	0.5	0.5	0	0	0	0.5	0	0	0	0	0	0	0	0	0	1	0	0	0	0	0	0	0	1	0
ZJL321	1	0	0	0	0	0	0	0	0	0	0.8	0	0	0	0.5	0	0	0	0	0	1	1	0	0	0	0	0	0	0	0	0	0.5	0	0	0	0	0	0	0	0	0	0	0	0	0	0.5	0	0	1	0
ZJL322	0	0	0	0	0	0	0	0	0	0	0	0	0	0.3	0.5	0	0	0	0	0	0	0	0	0	0	0	0.5	0	0.5	0.5	0.5	0	0	0	0	0	0	0.5	0.5	0	0	0	0	0	0	0	0	0	0	0
ZJL323	0	0	0	0	0	0	0	0	0	0	0.5	0.5	0.5	0.5	0.5	0.5	0.5	0.5	0	0	0	0	0	0	0	0	0	0	0	0.5	0.5	0	0	0	0	0	1	0.5	0.5	0	0	0	0	0	0	0	0	0	0	0
ZJL324	1	0	0	0	0	0	0	0	0	0	0.5	0	0	0	0.3	0.8	0	0	0	0	0	0	0	0	1	0	0	0	0	0	0	0	0	0	0	0	0	0	0	0	0	0	0	0	1	0	0	0	1	0
ZJL325	0	0	0	0	0	0	0	0	0	0	0.1	0.8	0	0	0	0	0.2	0	0	0	0	0	0	0	0	0	0	0	0.5	0.5	0.5	0	0	1	0	0	0	1	0	0	0	0	0	0	0	0	0	0	0	0
ZJL326	0	0	0	0	0	0	0	0	0	0	0	0.9	0	0	0	0	0	0	0	0	0	0	0	0	0	0	0	0	0	0	0	0	0	0	1	0	0	1	0	0	0	0	0	0	1	0	0	0	0	0
ZJL327	0	0	0	0	0	0	1	0	0	0	0	0	0.3	0	0.7	0.2	0	0	0	0	0	0	0	0	0	0.5	0	0	0.5	0	0.5	0	0	0	1	0	0	0	0	0	0	0	1	0	0	0	0	0	0	0
ZJL328	0	0	0	0	0	1	0	0	0	0	0.5	0.5	0.5	0	0	0	0.5	0	0	0	0	0	0	0	0	0	0.5	0	0.5	0	0.5	0	0	0	0	0	0	0.5	0.5	0	0	0	0	0	0	0	0	0	0	0
ZJL329	0	0	0	0	0	0	0	0	1	0	1	0	0	0	0	0	0	0	0	0	0	0	0	0	0	0	0	0	0	0	0	0	0	1	0	0	0	1	0	0	0	0	0	0	0	0	0	0	0	0
ZJL330	1	0	0	0	0	0	0	0	0	0	0.7	0.3	0	0	0	0	0	0	0	0	0	1	0	0	0	0	0	0	0	0	0	0	0	0	0	0	0	0	0	0	0	0	0	0	0	0	0	0	1	0
ZJL331	1	0	0	0	0	0	0	0	0	0	0	0.3	0	0	0.7	0	0	0	0	0	0	1	0	0	0	0	0	0	0	0	0	0	0	0	0	0	0	0	0	0	0	0	0	0	0	0	0	0	1	0
ZJL332	0	0	0	0	0	0	0	0	0	0	0.5	0.5	0.5	0.5	0.5	0.5	0.5	0.5	0	0	0	0	0	0	0	0	0	0	0	0	1	0	0	0	0	0	1	0	0	0	0	0.5	0	0	0	0	0	0	0	0
ZJL333	0	0	0	0	0	0	0	0.5	0	0	0.2	0.8	0	0.2	0.2	0	0	0	0	0	1	0	0	0	0	0.5	0	0	0	0	0.5	0.5	0	0	0	0	0	0	0	0	0	0	0	0	0	0	0	0	1	0
ZJL334	1	0	0	0	0	0	0	0	0	0	0	1	0	0	0	0	0	0	0	0	0	1	0	0	0	0	0	0	0	0	0	0	0	0	0.5	0	0	0	0	0	0	0	0	0	0	0	0	0	1	0
ZJL335	0	1	0	0	0	0	0	0	0	0	0	0.8	0.2	0	0	0	0.2	0	0	0	0	0	0	0	0	0.5	0	0	0	0	0.5	0	0	0	0	0	0	0.5	0.5	0	0.5	0.5	0	0	0	1	1	0	0	0
ZJL336	1	0	0	0	0	0	0	0	0	0	1	0	0	0	0.5	0	0	0	0	0	0	0	0	0	0	0	0	0	0	0	0	0	0	0	0	0	0	0	0	0	0	0	0	0	0	0	0	0	0	0
ZJL337	0	0	0	0	0	0	0	0	0	0	0.5	1	0.5	0.5	0.5	0.5	0.5	0.5	0	0	0	0	0	0	0	0	0	0	0.5	0	0.5	0	0	0	0.5	0	0	1	0	0	0	0	0	0	0	0	0	0	0	0
ZJL338	1	0	0	0	0	0	0	0	0	0	0.1	0.2	0	0	0.7	0	0	0	1	0	0	0	1	0	1	0	0	0	0	0	0	0.5	0	0	0	0	0	0	0	0	0	0	0	0	1	0	0	0	1	0
ZJL339	0	0	0	0	0	0	0	0	0	0	0.2	0	0.5	0	0.2	0	0.4	0	0	0	0	0	0	0	0	0.5	0	0	0	0	0.5	0	0	0	1	0	0	1	0	0	0	0	0	0	0	0	0	0	0	0
ZJL340	0	1	0	0	0	0	0	0	0	0	0	0.5	0	0	0.5	0.5	0	0	0	0	0	0	0	0	0	0	0.5	0	0	0	0	0	0	1	0	0	0	1	0	0.5	0	0	0	0	0	0	1	1	1	0
ZJL341	0	0	0	0	0	0	0	0	0	1	0	0.5	0	0	0.5	0	0	0	0	0	0	0	0	0	0	0	0	0	1	0	0.5	0	0	1	0	0	0	0	0	0	1	0	0	0	0	0	0	0	0	0
ZJL342	1	0	0	0	0	0	0	0	0	0	0.5	0.2	0.2	0	0	0.5	0	0	0	0	0	0	0	0	0	0	0	0	0	0	0	0.5	0	0	0	0	0	0	0	0	0	0	0	0	0	0	0	0	0	0
ZJL343	1	0	0	0	0	0	0	0	0	0	0	0.5	0.5	0	0	0	0	0	0	1	0	0	0	0	0	0	0	0	0	0	0	0.5	0	0	0	0	0	0	0	0	0	0	0	1	0	0	0	0	0	0
ZJL344	0	0	0	0	0	0	0	0	0	0	0	0	0.3	0.5	0.5	0	0	0	0	0	0	0	0	0	0	0	0.5	0	0.5	0	0.5	0	0	0	0	0	0	1	0	0	0	0	0	0	0	0	0	0	0	0
ZJL345	0	0	1	0	0	0	0	0	0	0	0.5	0.5	0.5	0.5	0.5	0.5	0.5	0.5	0	0	0	0	0	0	0	0	0	0	0	0	1	0	0	0	0	1	1	0	0	0	0	1	0	0	0	0	0	0	0	0
ZJL346	0	0	0	0	0	0	0	0	0	1	0.5	0.5	0.5	0.5	0.5	0.5	0.5	0.5	0	0	0	0	0	0	0	0	0	0	0.5	0	0.5	0	0	0	0	0	1	0	0	0	0	1	0	0	0	0	0	0	0	0
ZJL347	1	0	0	0	0	0	0	0	0	0	0.6	0.3	0	0	0.1	0	0	0	0	0	0	0	1	1	0	0	0	0	0	0	0	0	0	0	0	0	0	0	0	0	0	0	0	0	0	0	0	0	1	0
ZJL348	0	0	0	0	0	1	0	0	0	0	0	0.6	0.4	0	0	0	0	0	0	0	0	0	0	0	0	0	0	0	0.5	0	0.5	0	0	1	0	0	0	1	0	0	0	0	0	0	0	0	0	1	1	0
ZJL349	1	0	0	0	0	0	0	0	0	0	0.5	0	0.1	0.1	0.2	0	0.1	0	1	0	0	0	1	0	1	0	0	0	0	0	0	0.5	0	0	0	0	0	0	0	0	0	0	0	0	1	0	0	0	1	0
ZJL350	0	0	0	0	0.5	0	0	0	0	0	0.5	0.3	0.1	0	0.1	0	0	0	0	0	0	0	0	0	0	0	0	0	0	0	1	0	0	0	0	0	0	1	0	0	0	0	0	0	0	0	0	0	0	0
ZJL351	0	0	0	0	0	0	0	0	1	0	0.3	0	0	0	0.5	0.3	0	0	0	0	0	0	0	0	0	0.5	0.5	0	0.5	0	0.5	0.5	0	0	0	0	0	0	0	0	0	0	0	0	0	0	0	0	0	0
ZJL352	0	0	0	0	0	0	0	1	0	0	0	1	0	0	0	0	0	0	0	0	0	0	0	0	0	0.5	0.5	0	0	0	0.5	0	0	0	1	0	0	1	0	0	0	0	0	0	0	0	0	0	1	0
ZJL353	0	0	1	0	0	0	0	0	0	0	0.5	0.5	0	0	0	0	0	0	0	0	0	0	0	0	0	0	0	0	0	0	0.5	0	0	0	0	0	0	1	0	0	0	0	0	0	0	0	0	0	0	0
ZJL354	0	1	0	0	0	0	0	0	0	0	0.5	0.5	0.5	0.5	0.5	0.5	0.5	0.5	0	0	0	0	0	0	0	0.5	0	0	0.5	0	0.5	0	0	0	0	0	0	1	0	0.5	0	0	0	0	0	0	1	1	1	0
ZJL355	0	1	0	0	0	0	0	0	0	0	0	0.5	0.5	0.5	0.5	0.5	0.5	0	0	0	0	0	0	0	0	0	0.5	0	0	0	0	0	0	0	0	0	0	1	0	0.5	0	0	0	0	0	0	1	1	1	0
ZJL356	0	0	0	0	0	0	0	0	1	0	0.2	0.5	0	0	0.3	0	0	0	0	0	0	0	0	0	0	0.5	0.5	0	0	0	0	0	0	0	0	0	0	0	0	0	0	0	0	0	0	0	0	0	0	0
ZJL357	0	0	0	0	0	0	0	1	0	0	0.3	0	0	0	0.7	0	0	0	0	0	0	0	0	0	0	0.5	0.5	0	0	0	0.5	0	0	0	0	0	0	0	0	0	1	0	0	0	0	0	0	0	1	0
ZJL358	1	0	0	0	0	0	0	0	0	0	0.3	0	0	0	0.7	0	0	0	0	1	0	1	0	0	0	0	0	0	0	0	0	0	0	0	0	0	0	0	0	0	0	0	0	0	0	0	0	0	0	0
ZJL359	0	0	0	0	1	0	0	0	0	0	0	1	0	0	0	0	0	0	0	0	0	0	0	0	0	0	0	0	0.5	0	0.5	0.5	0	0	0	0	0	1	0	0	0	0	0	0	0	0	0	0	0	0
ZJL360	1	0	0	0	0	0	0	0	0	0	0.1	0.3	0	0	0.6	0	0	0	0	0	0	1	0	0	0	0	0	0	0	0	0	0	0	0	0	0	0	0	0	0	0	0	0	0	0	0	0	0	1	0
ZJL361	1	0	0	0	0	0	0	0	0	0	0.2	0.2	0	0	0.6	0	0	0	1	0	0	0	1	0	1	0	0	0	0	0	0	1	0	0	0	0	0	0	0	0	0	0	0	0	1	0	0	0	1	0
ZJL362	0	0	0	0	0	0	0	1	0	0	0.2	0.2	0	0	0.6	0	0	0	0	0	0	0	0	0	0	0.5	0.5	0	0	0	0.5	0	0	0	1	0	0	0	0	0	1	0	0	0	0	0	0	0	1	0
ZJL363	0	0	0	0	1	0	0	0	0	0	0.5	0.5	0	0	0.5	0	0	0	0	0	0	0	0	0	0	0	0	0	0.5	0	0.5	0	0	0	1	0	0	0	0	0	0	0	0	0	0	0	0	0	0	0
ZJL364	0	0	1	0	0	0	0	0	0	0	0.5	0	0	0	0.5	0	0	0	0	0	0	0	0	0	0	0.5	0	0	0	0	0	0	0	0	0	0	1	0	0	0	0	0	0	0	0	0	0	0	0	0
ZJL365	0	0	0	0	0	1	0	0	0	0	0.5	0.5	0	0	0.5	0	0	0	0	0	0	0	0	0	0	0.5	0	0	0.5	0	0.5	0	0	0	0	0	0	0	0	0	0	0	0	0	0	0	0	0	0	0
ZJL366	0	1	0	0	0	0	0	0	0	0	0.5	0.5	0.5	0	0.5	0	0	0	0	0	0	0	0	0	0	0.5	0.5	0	0.5	0	0.5	0	0	0	0	0	0	1	0	0	0	0	0	0	0	0	1	1	1	0
ZJL367	1	0	0	0	0	0	0	0	0	0	0.2	0.1	0	0	0.7	0	0	0	0	0	0	1	0	0	0	0	0	0	0	0	0	0	0	0	0	0	0	0	0	0	0	0	0	0	0	0	0	0	1	0
ZJL368	0	0	1	0	0	0	0	0	0	0	0.2	0.2	0	0	0	0	1	0	0	0	0	0	0	0	0	0	0	0	0	0	1	0	0	0	0	0	1	0	0	0	0	1	0	0	0	0	0	0	0	0
ZJL369	0	0	0	0	1	0	0	0	0	0	0.5	0.5	0	0	0.5	0	0	0	0	0	0	0	0	0	0	0	0	0	0.5	0	0.5	0	0	0	1	0	0	1	0	0	0	0	0	0	0	0	0	0	0	0
ZJL370	0	0	0	0	0	0	0	0	0	1	0	0.8	0	0.2	0.2	0	0	0	0	0	0	0	0	0	0	0	0.5	0	0.5	0	0.5	0	0	1	0	0	0	0	0	0	0	0	0	0	0	0	0	0	0	0
ZJL371	1	0	0	0	0	0	0	0	0	0	0	0.3	0	0	0.7	0	0	0	0	0	0	0	1	1	0	0	0	0	0	0	0	0	0	0	0	0	0	0	0	0	0	0	0	0	0	0	0	0	1	0
ZJL372	1	0	0	0	0	0	0	0	0	0	0.8	0.2	0	0	0.8	0	0	0	0	0	0	0	1	1	0	0	0	0	0	0	0	0	0	0	0	0	0	0	0	0	0	0	0	0	0	0	0	0	1	0
ZJL373	1	0	0	0	0	0	0	0	0	0	0.3	0.4	0	0	0.3	0	0	0	0	0	0	1	0	0	0	0	0	0	0	0	0	0	0	0	0	0	0	0	0	0	0	0	0	0	0	0	0	0	1	0
ZJL374	1	0	0	0	0	0	0	0	0	0	0.1	0.4	0.1	0	0.4	0	0	0	0	0	0	1	0	0	0	0	0	0	0	0	0	0	0	0	0	0	0	0	0	0	0	0	0	0	0	0	0	0	1	0
ZJL375	1	0	0	0	0	0	0	0	0	0	0.2	0	0	0	0.8	0	0	0	0	1	0	0	0	0	0	0	0	0	0	0	0	0	0	0	0	0	0	0	0	0	0	0	0	0	0	0	0	0	1	0
ZJL376	0	0	0	0	0	1	0	0	0	0	0.5	0.5	0	0	0.5	0.5	0	0	0	0	0	0	0	0	0	0	0	0	1	0	1	0	0	1	0	0	0	0	0	0	0	0	0	0	0	0	0	1	1	0
ZJL377	0	0	0	0	0	1	0	0	0	0	0	0.8	0	0	0.8	0	0	0	0	0	0	0	0	0	0	0	0.5	0	0.5	0.5	0.5	0	0	0	1	0	0	1	0	0	0	0	0	0	0	0	0	1	0	0
ZJL378	1	0	0	0	0	0	0	0	0	0	0	0.5	0	0	0.5	0	0	0	0	0	0	0	0	0	0	0	0	0	0	0	0	0	0	0	0	0	1	0	0	0	0	0	0	0	0	0	0	0	0	0
ZJL379	0	0	0	0	0	0	0	0	0	0	0	0	0	0	0.8	0	0.2	0	0	0	0	0	0	0	0	0	0.5	0	0.5	0	0.5	0	0	0	0	0	0	0	0	0	0	0	0	0	0	0	0	0	0	0
ZJL380	0	0	0	0	0	0	0	0	0	0	0.5	0.5	0.5	0.5	0.5	0.5	0.5	0.5	0	0	0	0	0	0	0	0	1	0	0	0	0	0	0	0	0	0	1	0	0	0	1	0	0	0	0	0	0	0	0	0
ZJL381	0	0.3	0	0	0	0	0	0	0	0	0.5	0.5	0.5	0.5	0.5	0.5	0.5	0.5	0	0	0	0	0	0	0	0.5	0.5	0	0.5	0	0.5	0.5	0	0	0	0	0	0	0	0	0	1	0	0	1	0	1	0	0	0
ZJL382	1	0	0	0	0	0	0	0	0	0	0.5	0	0.5	0	0	0	0	0	0	0	0	1	0	0	0	0	0	0	0	0	0	0	0	0	0	0	0	0	0	0	0	0	0	1	0	0	0	0	1	0
ZJL383	0	0	0	0	0	0	0	0	0	0	0.5	0.5	0.5	0.5	0.5	0.5	0.5	0.5	0	0	0	0	0	0	0	0.5	0	0	0	0	1	0	0	0	0	0	0	0	1	0	0	0	0	0	0	0	0	0	0	0
ZJL384	0	0	1	0	0	0	0	0	0	0	0.5	0.5	0.5	0.5	0.5	0.5	0.5	0.5	0	0	0	0	0	0	0	0	0	0	0	0	1	0	0	0	0	0	0	0	0.5	0	0	0	0	0	0	0	0	0	0	0
ZJL385	1	0	0	0	0	0	0	0	0	0	0.5	0.5	0	0	0	0	0	0	1	0	0	0	1	0	1	0	0	0	0	0	0	0	0	0	0	0	0	0	0	0	0	0	0	0	1	0	0	0	1	0
ZJL386	0	0	0	0	0	1	0	0	0	0	0.5	0	0	0	0.5	0.5	0	0	0	0	0	0	0	0	0	0.5	0	0	0	0	0.5	0	0	0	1	0	0	0	0	1	0	0	0	0	0	0	0	0	0	0
ZJL387	0	0	0	0	0	0	0	1	0	0	0	0	0	0	1	0	0	0	0	0	0	0	0	0	0	0.5	0.5	0	0	0	0.5	0	0	0	1	0	0	0	0	0	1	0	0	0	0	0	0	0	1	0
ZJL388	0	0	0	0	0	0	0	0	0	1	0.5	0.5	0	0	0.5	0	0	0	0	0	0	0	0	0	0	0	0	0	0.5	0.5	0.5	0	0	1	0	0	0	0.5	0	0	0.5	0	0	0	0	0	0	0	0	0
ZJL389	0	0	0	0	0	1	0	0	0	0	1	0	0	0	0	0.2	0	0	0	0	0	0	0	0	0	0.5	0.5	0	0	0.5	0.5	0	0	1	0	0	0	1	0	0	0	0	0	0	0	0	0	0	1	0
ZJL390	0	1	0	0	0	0	0	0	0	0	0.5	0	0	0	0.5	0.5	0	0	0	0	0	0	0	0	0	0	0.5	0	0.5	0	0.5	0	0	0	0	0	0	1	0	0.5	0	0	0	0	0	0	1	1	1	0
ZJL391	0	0	0	0	0	0	0	0	0	0	0	0.7	0.3	0	0.7	0	0	0	0	0	0	0	0	0	0	0	0	0	0	0	1	0	0	0	1	0	0	0	0	0	1	0	0	0	0	0	0	1	0	0
ZJL392	0	0	0	0	0	0	0	1	0	0	0.5	0.5	0.3	0	0	0	0	0	0	0	0	0	0	0	0	0.5	0.5	0	0	0	0.5	0	0	1	0	0	0	0	0	0	1	0	0	0	0	0	0	0	1	0
ZJL393	1	0	0	0	0	0	0	0	0	0	0.2	0	0	0	0.8	0	0	0	0	0	0	0	1	1	0	0	0	0	0	0	0	0	0	0	0	0	0	0	0	0	0	0	0	0.5	0	1	0	0	1	0
ZJL394	1	0	0	0	0	0	0	0	0	0	0	0.3	0	0	0.7	0	0	0	0	0	0	1	0	0	0	0	0	0	0	0	0	0	0	0	0	0	0	0	0	0	0	0	0	0	0	0	0	0	1	0
ZJL395	0	0	0	0	0	0	0	0	0	0	0.5	0.5	0.5	0.5	0.5	0.5	0.5	0.5	0	0	0	0	0	0	0	0	0.5	0	0	0	1	0	0	0.5	0.5	0	0	0	0	0.5	0	0	0	0	0	0	0	0	0	0
ZJL396	0	0	0	0	0	0	0	0	0	0	0.5	0	0	0	0.5	0	0	0	0	0	0	0	0	0	0	0	0	0	0.5	0	0.5	0	0	0	0	0	0	0.5	0	0	0.5	0	0	0	0	0	0	0	0	0
ZJL397	0	0	0	0	0	0	0	0	0	1	0	0.5	0	0	0.5	0	0	0	0	0	0	0	0	0	0	0	0	0	0.5	0	0.5	0	0	1	0	0	0	0.5	0	0	0.5	0	0	0	0	0	0	0	0	0
ZJL398	0	0	0	0	0	1	0	0	0	0	0.5	0.5	0	0	0	0	0	0	0	0	0	0	0	0	0	0	0.5	0	0.5	0	0.5	0	0	0	0	0	1	0	0.5	0.5	0	0	0	0	0	0	0	0	0	0
ZJL399	1	0	0	0	0	0	0	0	0	0	0.2	0.5	0	0	0.3	0	0	0	0	0	0	0	1	1	0	0	0	0	0	0	0	0	0	0	0	0	0	0	0	0	0	0	0	0	0	0	0	0	1	0
ZJL400	1	0	0	0	0	0	0	0	0	0	0	0.5	0.5	0	0.5	0	0	0	0	0	1	0	0	0	0	0	0	0	0	0	0	0.5	0	0	0	0	0	0	0	0	0	0	0	0.5	0	0.5	0	0	0	0
ZJL401	1	0	0	0	0	0	0	0	0	0	0.5	0.5	0	0	0	0	0	0	0	0	0	1	0	0	0	0	0	0	0	0	0	0.5	0	0	0	0	0	0	0	0	0	0	0	0	0	0	0	0	1	0
ZJL402	1	0	0	0	0	0	0	0	0	0	0.5	0.2	0	0	0.1	0	0	0	0	0	0	0	1	1	0	0	0	0	0	0	0	0	0	0	0	0	0	0	0	0	0	0	0	0	0	0	0	0	1	0
ZJL403	1	0	0	0	0	0	0	0	0	0	0.6	0.1	0.1	0.1	0.1	0	0	0	0	1	0	0	0	0	1	0	0	0	0	0	0	0	0	0	0	0	1	0	0	0	0	0	0	0	1	0	0	0	0	0
ZJL404	1	0	0	0	0	0	0	0	0	0	0.5	0	0	0.2	0.3	0	0	0	1	0	0	0	1	0	1	0	0	0	0	0	0	0	0	0	0	0	0	0	0	0	0	0	0	0	1	0	0	0	1	0
ZJL405	0	0	0	0	0	0	1	0	0	0	0	0	0.2	0	0.8	0	0	0	0	0	0	0	0	0	0	0	0.5	0	0	0	1	0	0	0	0.5	0	0	0	0	0	0	0	1	0	0	0	0	0	0	0
ZJL406	0	0	0	0	0	0	0	0	0	0	0.8	0.1	0.1	0.1	0.1	0.1	0.1	0.1	0	0	0	0	0	0	0	0	0	0	0	0	1	0	0	0	1	0	0	0.5	0.5	0	0	0	0	0	0	0	0	0	0	0
ZJL407	1	0	0	0	0	0	0	0	0	0	0.5	0.5	0	0	0	0.2	0	0	0	0	0	0	0	0	1	0	0	0	0	0	0	0	0	0	0	0	0	0	0	0	0	0	0	0	1	0	0	0	1	0
ZJL408	0	0	0	0	0	1	0	0	0	0	1	0	0	0	0	0	0	0	0	0	0	0	0	0	0	0.5	0.5	1	0.5	0.5	0.5	0	0	1	0	0	0	1	0.5	0	0	0	0	0	0	0	0	1	1	0
ZJL409	0	0	0	0	0	0	0	0	0	0	0	0	0	0	0.3	0.3	0.4	0	0	0	0	0	0	0	0	0.5	0	0	0	0	0	0	0	0	0	0	0	0	0	0	0	0	0	0	0	0	0	0	0	0
ZJL410	1	0	0	0	0	0	0	0	0	0	0.5	0.5	0	0	0	0	0	0	0	1	0	0	0	0	0	0	0	0	0	0	0	0	0	0	0	0	1	0	0	0	0	0	0	1	0	0	0	0	0	0
ZJL411	0	0	0	0	0	0	0	0	0	0	0	0	0	0	1	0	0	0	0	0	0	0	0	0	0	0	0.5	0	0.5	0	0.5	0	0	0	0.5	0	0	0	0	0	1	0	0	0	0	0	0	0	0	0
ZJL412	1	0	0	0	0	0	0	0	0	0	0.5	0	0	0	0.5	0	0	0	0	0	0	1	0	0	0	0	0	0	0	0	0	0	0	0	0	0	0	0	0	0	0	0	0	0	0	0	0	0	1	0
ZJL413	0	0	0	0	0	0	0	0	0	0	0.5	0.5	0.5	0.5	0.5	0.5	0.5	0.5	0	0	0	0	0	0	0	0.5	0.5	0	0.5	0.5	0.5	0	0	0.5	0	0	0	0	0.5	0	0.5	0	0	0	0	0	0	0	0	0
ZJL414	0	0	0	0	0	0	0.1	0	0.5	0	0	0	0	0	0.8	0.1	0	0	0	0	0	0	0	0	0	0.5	0	0	0	0	1	0.5	0	0	0	0	0	0	0	0	0	0	0.5	0	0	0	0	0	0	0
ZJL415	0	0	0	1	0	0	1	0	0	0	0	0	1	0	0	0	0	0	0	0	0	0	0	0	0	0	0	0	0	0	1	1	0	0	0	0	0	0	0	0	0	0	0	0	0	0	0	0	0	0
ZJL416	0	0	0	0	0	0	0	0	0	0	0.5	0.5	0.5	0.5	0.5	0.5	0.5	0.5	0	0	0	0	0	0	0	0.5	0	0	0	0	1	0.5	0	0	0	0	0	0	1	0	0	0	0	0	0	0	0	0	0	0
ZJL417	1	0	0	0	0	0	0	0	0	0	0.1	0.5	0	0	0.5	0	0	0	0	0	0	1	0	0	0	0	0	0	0	0	0	0	0	0	0	0	0	0	0	0	0	0	0	0	0	0	0	0	1	0
ZJL418	1	0	0	0	0	0	0	0	0	0	0.4	0.5	0.1	0	0	0	0	0	0	0	0	0	1	0	1	0	0	0	0	0	0	0	0	0	0	0	0	0	0	0	0	0	0	0	1	0	0	0	1	0
ZJL419	0	1	0	0	0	0	0	0	0	0	0.5	0.5	0	0	0	0	0	0	0	0	0	0	0	0	0	1	0	0	0	0	1	0	0	0	1	0	0	0.5	0.5	0	0	0	0	0	0	0	1	0	0	0
ZJL420	0	0	0	0	0	1	0	0	0	0	0.5	0.5	0	0	0	0	0	0	0	0	0	0	0	0	0	0	0	0	0.5	0.5	0.5	0	0	0	0	0	0	0.5	0.5	0	0	0	0	0	0	0	0	0	0	0
ZJL421	0	0	0	0	0	0	0	0	0	0	0.5	0.5	0.5	0.5	0.5	0.5	0.5	0.5	0	0	0	0	0	0	0	0	0	0	0.5	0.5	0.5	0	0	0	0	0	0	0	0.5	0	0.5	1	0	0	0	0	0	0	0	0
ZJL422	0	0	0	0	1	0	0	0	0	0	0.2	0.5	0.5	0	0	0	0	0	0	0	0	0	0	0	0	0	0	0	0.5	0	0.5	0	0	0	0	0	1	1	0	0	0	0	0	0	0	0	0	0	0	0
ZJL423	0	0	0	0	0	0	0	0	0	0	0.5	0.5	0.5	0.5	0.5	0.5	0.5	0.5	0	0	0	0	0	0	0	0	0	0	0	0	1	0	0	0.5	0	0	0.5	0	0	0	0	1	0	0	0	0	0	0	0	0
ZJL424	1	0	0	0	0	0	0	0	0	0	0.2	0.4	0.4	0	0	0	0	0	1	0	0	0	1	0	1	0	0	0	0	0	0	0	0	0	0	0	0	0	0	0	0	0	0	0	1	1	0	0	1	0
ZJL425	0	0	0	0	1	0	0	0	0	0	0.5	0.5	0.5	0.5	0.5	0.5	0.5	0.5	0	0	0	0	0	0	0	0	0	0	0.5	0.5	0.5	0	0	0	0.5	0	0	0	0.5	0.5	0	0	0	0	0	0	0	0	0	0
ZJL426	1	0	0	0	0	0	0	0	0	0	0.5	0.5	0.2	0	0.5	0	0	0	1	0	0	0	1	0	1	0	0	0	0	0	0	0	0	0	0	0	0	0	0	0	0	0	0	0	1	0	0	0	1	0
ZJL427	0	0	1	0	0	0	0	0	0	0	0.5	0.5	0.5	0.5	0.5	0.5	0.5	0.5	0	0	0	0	0	0	0	0	0	0	0	0	1	0	0	0	0	0	1	0	0	0	0	1	0	0	0	0	0	0	0	0
ZJL428	0	0	1	0	0	0	0	0	0	0	0	0.5	0	0	0.5	0	0	0	0	0	0	0	0	0	0	0.5	0	0	0	0	1	0	0	0	0	0	0	1	0	0	0	0	0	0	0	0	0	0	0	0
ZJL429	1	0	0	0	0	0	0	0	0	0	0.2	0	0	0	0.8	0	0	0	0	0	0	1	0	0	0	0	0	0	0	0	0	0	0	0	0	0	0	0	0	0	0	0	0	0	0	0	0	0	1	0
ZJL430	0	0	0	0	0	1	0	0	0	0	0.5	0.5	0	0	0.2	0	0	0	0	0	0	0	0	0	0	0	0	0	0	0	1	0	0	0	1	0	0	0.5	0.5	0.5	0	0	0	0	0	0	0	0	0	0
ZJL431	0	1	0	0	0	0	0	0	0	0	0	0	0	0	1	0	0	0	0	0	0	0	0	0	0	0.5	0	0	0	0	1	0	0	0	0	0	0	0	0.5	0	0.5	0	0	0	0	1	1	0	0	0
ZJL432	0	0	0	0	0	1	0	0	0	0	0.5	0.5	0.5	0.5	0.5	0.5	0.5	0.5	0	0	0	0	0	0	0	0.5	0.5	0	0	0	0	0	0	1	0	0	0	0.5	0.5	0	0	0	0	0	0	0	0	1	1	0
ZJL433	1	0	0	0	0	0	0	0	0	0	0.2	0.5	0	0	0.5	0	0	0	0	0	0	1	0	0	0	0	0	0	0	0	0	0	0	0	0	0	0	0	0	0	0	0	0	0	0	0	0	0	1	0
ZJL434	0	0	0	0	0	0	0	0	1	0	0.5	0.5	0.5	0.5	0.5	0.5	0.5	0.5	0	0	0	0	0	0	0	0.5	0.5	0	0.5	0.5	0.5	0	0	0	0	0	0	0	0	0	0	0	0	0	0	0	0	0	0	0
ZJL435	0	0	0	0	0	0	0	0	1	0	0.5	0.5	0	0	0.5	0	0	0	0	0	0	0	0	0	0	1	1	0	0.5	0	0.5	0	0	0	0	0	0	0	0	0	0	0	0	0	0	0	0	0	1	0
ZJL436	0	0	0	0	0	0	0	0	0	0.5	0	0	0	0	1	0	0	0	0	0	0	0	0	0	0	0	0	0	0.5	0.5	0.5	0	0	0	1	0	0	0	0	0	0	0	0	0	0	0	0	0	0	0
ZJL437	0	0	0	0	0	0	0	0	0	0	0	0	0	0	0.5	0.5	0.5	0	0	0	0	0	0	0	0	0.5	0	0	0	0	0	0	0	0	0	0	0	0	0	0	0	0	0	0	0	0	0	0	0	0
ZJL438	0	1	0	0	0	0	0	0	0	0	0.5	0.5	0.5	0.5	0.5	0.5	0.5	0.5	0	0	0	0	0	0	0	0.5	0.5	0	0.5	0	0.5	0	0	1	0	0	0	0	0	0	0	0	0	0	0	0	1	1	1	0
ZJL439	0	0	0	0	0	0	0	0	1	0	0	0.5	0.5	0.5	0.5	0.5	0.5	0.5	0	0	0	0	0	0	0	1	1	0	0.5	0	0	0	0	0	0	0	0	0	0	0	0	0	0	0	0	0	0	1	1	0
ZJL440	0	0	0	1	0	0	0	0	0	0	0	0	0.5	0	0	0.5	0	0	0	0	0	0	0	0	0	0	0	0	0	0	0	0	0	0	0	0	0	0	0	0	1	0	0	0	0	0	0	0	0	0
ZJL441	1	0	0	0	0	0	0	0	0	0	0.5	0	0	0	0.5	0	0	0	0	0	0	0	0	0	1	0	0	0	0	0	0	0.5	0	0	0	0	0	0	0	0	0	0	0	0	1	0	0	0	0	0
ZJL442	0	0	0	0	0	0	0	0.5	0	0	0.5	0.5	0.5	0.5	0.5	0.5	0.5	0.5	0	0	0	0	0	0	0	0.5	0	0	0	0	1	0	0	0	0	0	0	0.5	0.5	0	0	0	0	0	0	0	0	0	1	0
ZJL443	0	0	0	0	0	0	0	0	0	0	0.5	0.2	0.5	0	0	0	0	0	0	0	0	0	0	0	0	0.5	0	0	0	0	0	0	0	0	0.5	0	0	0.5	0	0	0	0	0	0	0	0	0	0	0	0
ZJL444	1	0	0	0	0	0	0	0	0	0	0.6	0	0.2	0	0.1	0.2	0	0	0	0	0	0	1	0	1	0	0	0	0	0	0	0	0	0	0	0	0	0	0	0	0	0	0	0	1	0	0	0	1	0
ZJL445	1	0	0	0	0	0	0	0	0	0	0.5	0.5	0	0	0.5	0	0	0	0	0	0	0	1	1	0	0	0	0	0	0	0	0	0	0	0	0	0	0	0	0	0	0	0	0	0	0	0	0	1	0
ZJL446	0	0	0	0	1	0	0	0	0	0	0.5	0	0	0	0.5	0	0	0	0	0	0	0	0	0	0	0	0	0	0.5	0	0.5	0	0	0	0	0	1	0.5	0.5	0	0.5	0	0	0	0	0	0	0	0	0
ZJL447	0	1	0	0	0	0	0	0	0	0	0.8	0	0	0	0.8	0	0	0	0	0	0	0	0	0	0	0	0.5	0	0	0	0.5	0	0	0	0	0	0	0	0	0	0	0	0	0	0	0	1	0	1	0
ZJL448	0	0	0	0	0	1	0	0	0	0	0.8	0.2	0.2	0.2	0.2	0.2	0.2	0.2	0	0	0	0	0	0	0	0.5	0.5	0	0.5	0.5	0.5	0.5	0	0	0	0	0	0.5	0.5	0	0	0	0	0	0	0	0	0.5	0.5	0
ZJL449	1	0	0	0	0	0	0	0	0	0	0.5	0.1	0	0	0.5	0	0	0	0	0	0	1	0	0	0	0	0	0	0	0	0	0	0	0	0	0	0	0	0	0	0	0	0	0	0	0	0	0	1	0
ZJL450	0	1	0	0	0	0	0	0	0	0	0	1	0	0	0	0	0	0	0	0	0	0	0	0	0	0.5	0.5	0	0	0	0	0	0	0	0	0	0	1	0	0	0	0	0	0	0	1	0	1	1	0
ZJL451	1	0	0	0	0	0	0	0	0	0	0.8	0.8	0	0	0	0	0	0	0	0	0	1	0	0	0	0	0	0	0	0	0	0	0	0	0	0	0	0	0	0	0	0	0	0	0	0	0	0	1	0
ZJL452	1	0	0	0	0	0	0	0	0	0	0.5	0	0	0	0.5	0	0	0	0	0	0	1	0	0	0	0	0	0	0	0	0	0	0	0	0	0	0	0	0	0	0	0	0	0	0	0	0	0	1	0
ZJL453	0	0	0	0	0	0	0	0	0	1	0	0	0.5	0	0.5	0	0.5	0	0	0	0	0	0	0	0	0	0	0	0.5	0	0.5	0	0	0	0	0	0	0	0	0	1	0.5	0	0	0	0	0	0	0	0
ZJL454	0	0	0	0	0	0	0	0	0	0	0.5	0.5	0.5	0.5	0.5	0.5	0.5	0.5	0	0	0	0	0	0	0	0.5	0.5	0	0	0	0	0.5	0	0	0	0	0	0	0.5	0	0	0.5	0	0	0.5	0	0	0	0	0
ZJL455	0	0	0	1	0	0	1	0	0	0	0	0	0	0	0	1	0	0	0	0	0	0	0	0	0	0	0	0	0.5	0	0.5	0.2	0	0	0	0	0	0	0	0	0	0	0	0	0	0	0	0	0	0
ZJL456	0	1	0	0	0	0	0	0	0	0	0	0	0	0.5	0	0	0.5	0	0	0	0	0	0	0	0	0	0.5	0	0.5	0	0.5	0	0	0	0	0	0	1	0	0.5	0	0	0	0	0	0	1	1	1	0
ZJL457	0	0	0	0	0	0	0	0	0	0	0	0	0	0	1	0	0	0	0	0	0	0	0	0	0	0	0.5	0	0.5	0	0.5	0	0	1	0	0	0	0	0	0	1	0	0	0	0	0	0	0	0	0
ZJL458	0	0	0	0	0	0	0	0	1	0	0	0	0	0	1	0	0	0	0	0	0	0	0	0	0	0.5	0.5	0	0.5	0	0.5	0	0	0	0	0	0	0	0	0	0	0	0	0	0	0	0	0	0	0
ZJL459	1	0	0	0	0	0	0	0	0	0	0.4	0.5	0	0	0.5	0	0	0	0	0	0	1	0	0	0	0	0	0	0	0	0	0	0	0	0	0	0	0	0	0	0	0	0	0	0	0	0	0	1	0
ZJL460	1	0	0	0	0	0	0	0	0	0	0	0	1	0	0	0	0	0	0	0	0	1	0	0	0	0	0	0	0	0	0	0	0	0	0	0	0	0	0	0	0	0	0	0	0	0	0	0	1	0
ZJL461	0	0	0	0	0	0	0	0	0	0	0.5	0.5	0.5	0.5	0.5	0.5	0.5	0.5	0	0	0	0	0	0	0	0	0	0	0	0	1	0	0	0.5	0	0	0.5	0	0	0	0	0.5	0	0	0	0	0	0	0	0
ZJL462	1	0	0	0	0	0	0	0	0	0	0	0	0	0	1	0	0	0	0	0	0	1	0	0	0	0	0	0	0	0	0	0	0	0	0	0	0	0	0	0	0	0	0	0	0	0	0	0	1	0
ZJL463	0	0	0	0	0	0	1	0	0	0	0	0	0	0	1	0	0	0	0	0	0	0	0	0	0	0	0	0	0.5	0	0.5	0	0	0	0.5	0	0	0	0	0	0	0	1	0	0	0	0	0	0	0
ZJL464	0	0	0	1	0	0	1	0	0	0	0	0	1	0	0	0.2	0	0	0	0	0	0	0	0	0	0	0	0	0	0	0.5	0.3	0	0	0	0	0	0	0	0	0	0	1	0	0	0	0	0	0	0
ZJL465	0	0	0	0	0	0	0	0	0.5	0	0	0.5	0	0	0.5	0.5	0	0	0	0	0	0	0	0	0	0.5	0.5	0	0.5	0.5	0.5	0	0	0	0	0	0	0	0	0	0	0	0	0	0	0	0	0	0	0
ZJL466	1	0	0	0	0	0	0	0	0	0	0.1	0.1	0	0	0.1	0.4	0.4	0	1	0	0	0	1	0	1	0	0	0	0	0	0	0	0	0	0	0	0	0	0	0	0	0	0	0	1	0	0	0	1	0
ZJL467	0	0	0	0	1	0	0	0	0	0	0.5	0.8	0.5	0.5	0.5	0.5	0.5	0.5	0	0	0	0	0	0	0	0	0	0	0.5	0	0.5	0	0	0	0.5	0	0	0.5	0	0.5	0	0	0	0	0	0	0	0	0	0
ZJL468	0	0	1	0	0	0	0	0	0	0	1	0	0	0	0	0	0	0	0	0	0	0	0	0	0	0.5	0	0	0	0	1	0	0	0	0.5	0	0.5	0	0	0	0	1	0	0	0	0	0	0	0	0
ZJL469	0	0	0	0	0	0	1	0	0	0	0	0	0	0	1	0	0	0	0	0	0	0	0	0	0	0	0	0	0	0	1	0.5	0	0	0.5	0	0	0	0	0	0	0	1	0	0	0	0	0	0	0
ZJL470	0	0	0	0	0	0	0	0	0.5	0	0.5	0.5	0	0	0	0	0	0	0	0	0	0	0	0	0	1	0.5	0	0.5	0	0.5	0	0	0	0	0	0	0	0	0	0	0	0	0	0	0	0	0	0	0
ZJL471	1	0	0	0	0	0	0	0	0	0	0.5	0	0.2	0	0.5	0	0	0	0	1	0	1	0	0	0	0	0	0	0	0	0	0	0	0	0	0	0	0	0	0	0	0	0	0	0	0	0	0	0	0
ZJL472	1	0	0	0	0	0	0	0	0	0	0	0	0	0	0.5	0.5	0	0	0	0	0	0	0	0	1	0	0	0	0	0	0	0	0	0	0	0	0	0	0	0	0	0	0	0	1	0	0	0	0	0
ZJL473	0	0	0	0	0	0	0	0	1	0	0	0.5	0	0	0.5	0	0	0	0	0	0	0	0	0	0	0	0	0	0.5	0	0.5	0	0	0	0.5	0	0	0	0	0	0	0.5	0	0	0	0	0	0	0	0
ZJL474	0	0	0	0	0	0	0	0	0	1	0	0.5	0	0	0.5	0	0	0	0	0	0	0	0	0	0	0	0.5	0	0.5	0.5	0.5	0.5	0	0	0	0	0	0	0	0	0	0	0	0	0	0	0	0	0	0
ZJL475	0	0	0	0	0	0	0	0	0	0	0.5	0.5	0.5	0.5	0.5	0.5	0.5	0.5	0	0	0	0	0	0	0	0.5	0.5	0	0.5	0.5	0.5	0	0	0	1	0	0	0.5	0.5	0	0	0	0	0	0	0	0	0	0	0
ZJL476	0	0.5	0	0	0	0	0	0	0	0	0.5	0.5	0.5	0.5	0.5	0.5	0.5	0.5	0	0	0	0	0	0	0	1	0.5	0	0.5	0	0.5	0	0	0	0	0	1	0.5	0.5	0	0.5	0	0	0	0	0	0	0	0	0
ZJL477	0	0	0	0	0	0	0	0	0	0	0.5	0	0.5	0	0.5	0	0	0	0	0	0	0	0	0	0	0	0	0	0	0	0	0	0	0	0	0	0	0	0	0	0	0	0	0	0	0	0	0	0	0
ZJL478	0	0	0	0	0	0.5	0	0	0	0	0	0.5	0	0	0.9	0	0	0	0	0	0	0	0	0	0	0	0.5	0	0.5	0	0	0	0	0	0	0	1	0.5	0.5	0	0.5	0	0	0	0	0	0	0	0	0
ZJL479	0	0	0	0	0	0	0	0	0	0	0.5	0.5	0.5	0.5	0.5	0.5	0.5	0.5	0	0	0	0	0	0	0	0.5	0.5	0	0.5	0	0.5	0.5	0	0	0.5	0	0	0	0.5	0	0.5	0	0	0	0	0	0	0	1	0
ZJL480	1	0	0	0	0	0	0	0	0	0	0.2	0.2	0	0	0.6	0	0	0	0	0	0	1	0	0	0	0	0	0	0	0	0	0	0	0	0	0	0	0	0	0	0	0	0	0	0	0	0	0	1	0
ZJL481	0.5	1	0	0	0	0	0	0	0	0	0.5	0.5	0	0	0.5	0	0	0	0	0	0	0	0	0	0	0.5	0.5	0	0.5	0	0.5	0	0	0	0	0	0	0	0	0	0	0	0	0	0	0	1	0	1	0
ZJL482	0	0	0	0	0	0.5	0	0	0	0.5	0	1	0	0	0.5	0	0	0	0	0	0	0	0	0	0	0	0	0	0	0	0	0	0	0	0	0	0	0	0	0	1	0	0	0	0	0	0	0	0	0
ZJL483	0	0	0	0	0	1	0	0	0	0	0.5	0.5	0	0	0	0	0	0	0	0	0	0	0	0	0	1	0	0	0	0	1	0.2	0	0.5	0.3	0	0	0.5	0.5	0	0	0	0	0	0	0	0	0.5	0	0
ZJL484	0	0	0	0	0	0.5	0	0	0	0	0.5	0.5	0.5	0.5	0.5	0.5	0.5	0.5	0	0	0	0	0	0	0	0	0	0	0.5	0.5	0.5	0	0	0	0	0	1	0.5	0.5	0	0.5	0	0	0	0	0	0	0	0	0
ZJL485	0	0	0	0	0	0	0	0	0	0	0	0.5	0	0	0.5	0.5	0.4	0	0	0	0	0	0	0	0	0	0	0	0	0	0	0	0	0	0	0	0	0	0	0	0	0	0	0	0	0	0	0	0	0
ZJL486	1	0	0	0	0	0	0	0	0	0	0.5	0.3	0	0	0.5	0	0	0	0	0	0	0	0	0	0	0	0	0	0	0	0	0	0	0	0	0	0	0	0	0	0	0	0	0	0	0	0	0	0	0
ZJL487	0	0	0	0	0	0.5	0	0	0	0	0.5	0	0	0	0.5	0	0	0	0	0	0	0	0	0	0	1	0	0	0.5	0	1	0	0	0	0	0	0	0.5	0.5	0	0	0	0	0	0	0	0	0	0	0
ZJL488	0	0	0	0	0	0	0	0	1	0	0	0.8	0	0	0.2	0	0	0	0	0	0	0	0	0	0	0	0.5	0	0.5	0	0.5	0	0	0.5	0.5	0	0	0.5	0.5	0	0.5	0	0	0	0	0	0	0	0	0
ZJL489	0	0	0	0	0	0	0	0	0	0	0.5	0.5	0.5	0.5	0.5	0.5	0.5	0.5	0	0	0	0	0	0	0	0	0	0	0	0	1	0	0	0	0	0	1	0	0	0	0	0.5	0	0	0	0	0	0	0	0
ZJL490	0	0	0	0	0	0.5	0	0	0	0	0.5	0.5	0	0	0.5	0	0	0	0	0	0	0	0	0	0	0	0	0	0.5	0	0.5	0	0	0	0.5	0	0.5	0.5	0	0	0.5	0	0	0	0	0	0	0	0	0
ZJL491	1	0	0	0	0	0	0	0	0	0	0.8	0.1	0	0.1	0	0	0	0	0	1	0	0	0	0	1	0	0	0	0	0	0	0	0	0	0	0	0	0	0	0	0	0	0	0	1	0	0	0	0	0
ZJL492	0	0	0	0	0	0	0	1	0	0	0.2	0	0	0.8	0.8	0	0	0	0	0	0	0	0	0	0	0.5	0.5	0	0	0	1	0	0	0	0	0	0	0.5	0	0	0.5	0	0	0	0	0	0	0	1	0
ZJL493	1	0	0	0	0	0	0	0	0	0	0.5	0	0	0	0.5	0	0	0	0	0.7	0	0	0	0	0	0	0	0	0	0	0	0.5	0	0	0	0	0	0	0	0	0	0	0	1	0	0	0	0	0	0
ZJL494	1	0	0	0	0	0	0	0	0	0	0.1	0.5	0	0	0.5	0	0	0	0	0	0	1	0	0	0	0	0	0	0	0	0	0	0	0	0	0	0	0	0	0	0	0	0	0	0	0	0	0	1	0
ZJL495	0	0	1	0	0	0	0	0	0	0	0	0.5	0.5	0.5	0.5	0.5	0.5	0.5	0	0	0	0	0	0	0	0	0	0	0	0	1	0	0	0	0	0	1	0	0	0	0.5	0.5	0	0	0	0	0	0	0	0
ZJL496	0	0	0	0	0	0	1	0	0.1	0.3	1	0.6	0	0	0	0	0	0	0	0	0	0	1	0	0	0	0	0	0	0	0	0	0	0	0	1	1	0	0	0	0	0	1	0	0	0	0	0	0	0
ZJL497	0	0	0	0	0	0	1	0.1	0.8	0	0	0.7	0	0	0	0	0	0	0	0	0	0	1	0	0	0	0	0	0	0	0	0	0	0	0	1	1	0	0	0	0	0	1	0	0	0	0	0	0	0
ZJL498	0	0	0	0	0	0	1	0	0.4	0.4	0.4	1	0.6	0.2	0.2	0	0	0	0	0	0	0	1	0	0	0	0	0	0	0	0	0	0	0	0	1	1	0	0	0	0	0	1	0	0	0	0	0	0	0
ZJL499	0	0	0	0	0	0	1	0.5	0.5	0.5	0.5	0.5	0.5	0.5	0.5	0	0	0	0	0	0	0	1	0	0	0	0	0	0.5	0	0.5	0	0	0	0.5	0	0	0.5	0	0	0	0	1	0	0	0	0	0	0	0
ZJL500	0	0	0	0	0	0	1	0	0	0	0	1	0	0	0	0	0	0	0	0	0	0	1	0	0	0	0	0	1	0	1	0	0	0	0	1	1	0	0	0	0	0	1	0	0	0	0	0	0	0
ZJL501	0	0	0	0	0	0	0	0.8	1	0.4	0.4	0.4	0.4	0.4	0.4	1	0	0	0	0	0	0	1	0	0	1	0	0	0	0	0.4	0	0	0	0	0	0	0	0.5	0	0	0	0	0	1	0.5	0	0	0	0
ZJL502	0	0	0	0	0	0	0	0.5	0.5	0.5	0.5	0.5	0.5	0.5	0.5	0	0	1	0	0	0	0	1	0	0	0.5	0.5	0.5	0.5	0.5	0.5	0	0	0	1	0.5	0.5	0.6	0	0	0	0	0	0	0	0	0	0	0	0
ZJL503	1	0	0	0	0	0	0.5	0.5	0.5	0.5	0.5	0.5	0.5	0.5	0.5	0	1	0	1	0	0	0	1	0	0	0.3	0	0	0	0	0	0	0	0	0	0	0	0	0	0	0	0	0	0	0	0.3	0	0	1	0
ZJL504	1	0	0	0	0	0	1	1	1	0	0.2	1	0	0	0	0	0	0	1	0	0	0	1	0	0	0.4	0.4	0	0	0	0	0	0	0	0	0	0	0	0	0	0	0	0	0	0	1	0	0	1	0
ZJL505	0	0	1	0	0	0	0	1	1	1	1	1	1	1	1	0	0	0	0	0	0	0	1	0	0	0	0	0	0	0	1	0	0	0	0	1	1	0	0	0	0	1	0	0	0	0	0	0	0	0
ZJL506	1	0	0	0	0	0	1	0.5	0	1	0	0	0	0	0	0	1	0	0	0	0	0	1	0	0	0	0.4	0	0	0	0	0	0	0	0	0	0	0	0	0	0	0	1	1	0	0	0	0	0	0
ZJL507	0	0	0	0	0	1	0	0.5	0.5	0.5	0.5	0.5	0.5	0.5	0.5	0	0	0	0	0	0	0	1	0.5	0.5	0.7	0.6	0.5	0.1	0	0.5	0	0	0	1	0	1	0	0.3	0	0.7	0.3	0	0	0	1	0	0	1	0
ZJL508	0	0	0	0	0	1	0	0.5	0.5	0.5	0.5	0.5	0.5	0.5	0.5	0	0	0	0	0	0	0	1	0	0	1	1	1	0.5	0.5	1	0	0	0	0.2	0	0	1	1	0	0	0	0	0	0	0	0	0	1	0
ZJL509	0	0	0	0	0	0	0	0.3	0.3	0	0.1	1	0	0	0	0	0	0	0	0	0	0	1	0	0	1	1	0	0	0	0.3	1	0	0	0	0	0	0	0.1	0	0	0	0	0	0	0.5	0	0	0	0
ZJL510	0	0	0	0	0	1	0	0.5	0.5	0.5	0.5	0.5	0.5	0.5	0.5	0	0	0	0	0	0	0	0	0.5	1	1	0.5	0	0.5	0	0.5	0	0	0	0	0	0	0.3	0	0	1	0	0	0	0	0	0	0	1	0
ZJL511	0	0	0	0	0	1	0	1	0.5	0.5	0.5	0.5	0.5	0.5	0.5	0	0	0	0	0	0	0	1	0	0	0	0.4	0.4	0.7	0.2	0.4	0	0	0	0	0	0	1	1	0	1	0	0	0	0	0	0	0	0	0
ZJL512	1	0	0	0	0	0	1	1	0	0	0	0	0	0	0	0	0	1	1	0	0	0	1	0	0	0	0	0	0	0	0	0	0	0	0	0	1	0	0	0	0	0	0	1	0	1	0	0	1	0
ZJL513	0	0	0	1	0	0	0.3	0	1	0.8	0	0.2	0	0.2	0.2	0	0	0	0	0	0	0	1	0	0	0.5	0.5	0	0.5	0	0.2	0	0	0	0	0	0	0	0	0	0	0	0	0	0	0.7	0	0	0	0
ZJL514	0	0	0	0	0	1	0	0.5	0.5	0.5	0.5	0.5	0.5	0.5	0.5	0	0	0	0	0	0	0	1	0	0	0	0.4	1	0.5	0.5	0.5	0	0	0.5	0.5	0	0	0.5	0.5	0.5	0.5	0	0	0	0	0	0	0	0	0
ZJL515	0	0	0	0	0	1	0	0.5	0.5	0.5	0.5	0.5	0.5	0.5	0.5	0	0	0	0	0	0	0	1	0	0	1	0.4	1	0.5	0.5	0.5	0	0	0	0	0	0	1	1	0	0	0	0	0	0	0	0	0	1	0
ZJL516	0	0	0	1	0	0	1	0.5	0	0	1	0.5	1	0	0	0	0	0	0	0	0	0	1	0	0	0.5	0.5	0	0.2	0	0	0.8	0	0	0	0	0.5	0	0	0	0	0	1	0	0	0.5	0	0	0	0
ZJL517	0	0	0	0	0	0	0	0.3	0.5	0	0	1	0	0	0	0	0	0	0	0	0	0	1	0	0	1	1	0	0.4	0	0.4	0	0	0	0	0	0	1	0	0	0	0	0	0	0	0	0	0	1	0
ZJL518	0	0	0	0	0	1	0	0.5	0.5	0.5	0.5	0.5	0.5	0.5	0.5	0	0	0	0	0	0	0	1	0.5	0.5	0.5	0	0	0	0	0.5	0	0.5	0.5	0.5	1	1	1	1	0	1	0	0	0	0	0	0	0	0	0
ZJL519	0	0	0	0	0	0	0	0.8	0.8	0.3	0.2	0.2	0.2	0.2	0.2	0	0	0	0	0	0	0	1	0	0	1	1	0	0	0	0	1	0	0	0	0	0	0	0.3	0	0	0	0	0	0	1	0	0	0	0
ZJL520	0	0	0	1	0	0	1	0	0.2	0	0	0	1	0	0	0	0	0	0	0	0	0	1	0	0	0	0	0	0.5	0	0.5	0	0	0	0.8	0	0	0	0	0	0	0	1	0	0	0	0	0	0	0
